4.712000000000000000e+03 2.284000000000000000e+03
4.796000000000000000e+03 2.284000000000000000e+03
4.880000000000000000e+03 2.284000000000000000e+03
4.964000000000000000e+03 2.284000000000000000e+03
4.712000000000000000e+03 2.356000000000000000e+03
4.796000000000000000e+03 2.356000000000000000e+03
4.880000000000000000e+03 2.356000000000000000e+03
4.964000000000000000e+03 2.356000000000000000e+03
4.712000000000000000e+03 2.428000000000000000e+03
4.796000000000000000e+03 2.428000000000000000e+03
4.880000000000000000e+03 2.428000000000000000e+03
4.964000000000000000e+03 2.428000000000000000e+03
4.712000000000000000e+03 2.500000000000000000e+03
4.796000000000000000e+03 2.500000000000000000e+03
4.880000000000000000e+03 2.500000000000000000e+03
4.964000000000000000e+03 2.500000000000000000e+03
4.712000000000000000e+03 2.572000000000000000e+03
4.796000000000000000e+03 2.572000000000000000e+03
4.880000000000000000e+03 2.572000000000000000e+03
4.964000000000000000e+03 2.572000000000000000e+03
4.712000000000000000e+03 2.644000000000000000e+03
4.796000000000000000e+03 2.644000000000000000e+03
4.880000000000000000e+03 2.644000000000000000e+03
4.964000000000000000e+03 2.644000000000000000e+03
4.712000000000000000e+03 2.716000000000000000e+03
4.796000000000000000e+03 2.716000000000000000e+03
4.880000000000000000e+03 2.716000000000000000e+03
4.964000000000000000e+03 2.716000000000000000e+03
